#  qinf =  2.23626E+00  uinf =  6.70842E-02  Mach =  1.50000E+01
variables = "Simulation_Time", "gdisp", "gvel", "gforce"
zone t = "modal history for cylinder, mode   1"
    0.000000000000E+00    0.000000000000E+00    1.000000000000E-03    0.000000000000E+00
    1.000000000000E-02    3.576149668163E-06    9.989796082366E-04   -1.584040444210E-04
    2.000000000000E-02    7.146277357012E-06    9.966338833585E-04   -2.629236501789E-05
    3.000000000000E-02    1.070619270880E-05    9.932711798151E-04   -1.402098834223E-05
    4.000000000000E-02    1.425191593630E-05    9.887008549800E-04    9.025222101181E-06
    5.000000000000E-02    1.777910501443E-05    9.829110665438E-04    1.133841640045E-05
    6.000000000000E-02    2.128332092920E-05    9.758594428973E-04    6.481739860923E-06
    7.000000000000E-02    2.476003961854E-05    9.675408152700E-04    7.899174560317E-07
    8.000000000000E-02    2.820475271265E-05    9.579691237023E-04   -2.293425837677E-06
    9.000000000000E-02    3.161301558742E-05    9.471660603173E-04   -2.773022106593E-06
    1.000000000000E-01    3.498046049675E-05    9.351529058933E-04   -1.754139493870E-06
    1.100000000000E-01    3.830279141300E-05    9.219484685592E-04   -3.789472610526E-07
    1.200000000000E-01    4.157577665704E-05    9.075699094406E-04    7.222970777794E-07
    1.300000000000E-01    4.479524614808E-05    8.920344993603E-04    1.401929126808E-06
    1.400000000000E-01    4.795709416016E-05    8.753609402496E-04    1.780965264395E-06
    1.500000000000E-01    5.105728543140E-05    8.575699178209E-04    2.034246131562E-06
    1.600000000000E-01    5.409186222108E-05    8.386840787456E-04    2.284936822274E-06
    1.700000000000E-01    5.705695086179E-05    8.187277712444E-04    2.579133454960E-06
    1.800000000000E-01    5.994876739360E-05    7.977267913415E-04    2.915627180078E-06
    1.900000000000E-01    6.276362244591E-05    7.757082160968E-04    3.265798920879E-06
    2.000000000000E-01    6.549792570781E-05    7.527003403578E-04    3.612518377989E-06
    2.100000000000E-01    6.814819027331E-05    7.287326700563E-04    3.943732283386E-06
    2.200000000000E-01    7.071103695913E-05    7.038359135941E-04    4.258673321638E-06
    2.300000000000E-01    7.318319857701E-05    6.780419649956E-04    4.557907792420E-06
    2.400000000000E-01    7.556152412488E-05    6.513838754513E-04    4.847643612695E-06
    2.500000000000E-01    7.784298285063E-05    6.238958105065E-04    5.128222060944E-06
    2.600000000000E-01    8.002466814394E-05    5.956129968048E-04    5.400580276648E-06
    2.700000000000E-01    8.210380124099E-05    5.665716707292E-04    5.661606369320E-06
    2.800000000000E-01    8.407773478358E-05    5.368090483960E-04    5.921444036701E-06
    2.900000000000E-01    8.594395618183E-05    5.063632458327E-04    6.159031465421E-06
    3.000000000000E-01    8.770009079442E-05    4.752732568589E-04    6.399468073294E-06
    3.100000000000E-01    8.934390497341E-05    4.435788994520E-04    6.619652496673E-06
    3.200000000000E-01    9.087330888833E-05    4.113207460648E-04    6.834257359664E-06
    3.300000000000E-01    9.228635918269E-05    3.785400995648E-04    7.035801488431E-06
    3.400000000000E-01    9.358126146070E-05    3.452789224471E-04    7.228970445793E-06
    3.500000000000E-01    9.475637255570E-05    3.115797855561E-04    7.407673343122E-06
    3.600000000000E-01    9.581020261923E-05    2.774858191462E-04    7.579726213684E-06
    3.700000000000E-01    9.674141701202E-05    2.430406510645E-04    7.735365385901E-06
    3.800000000000E-01    9.754883799407E-05    2.082883562840E-04    7.885433837594E-06
    3.900000000000E-01    9.823144620879E-05    1.732733922546E-04    8.015581277407E-06
    4.000000000000E-01    9.878838197142E-05    1.380405541398E-04    8.143454480503E-06
    4.100000000000E-01    9.921894635837E-05    1.026349082995E-04    8.249581199828E-06
    4.200000000000E-01    9.952260207774E-05    6.710173652204E-05    8.352688158893E-06
    4.300000000000E-01    9.969897414504E-05    3.148648283911E-05    8.435977988750E-06
    4.400000000000E-01    9.974785033753E-05   -4.165316961031E-06    8.511290796781E-06
    4.500000000000E-01    9.966918145264E-05   -3.980807439875E-05    8.572574929967E-06
    4.600000000000E-01    9.946308136210E-05   -7.539622345248E-05    8.622274074904E-06
    4.700000000000E-01    9.912982684858E-05   -1.108842669313E-04    8.661011478083E-06
    4.800000000000E-01    9.866985723135E-05   -1.462268480668E-04    8.683751751879E-06
    4.900000000000E-01    9.808377378058E-05   -1.813787970600E-04    8.697539497110E-06
    5.000000000000E-01    9.737233895586E-05   -2.162951827887E-04    8.700738636274E-06
    5.100000000000E-01    9.653647541129E-05   -2.509313915887E-04    8.688480199196E-06
    5.200000000000E-01    9.557726476717E-05   -2.852431789308E-04    8.662139393241E-06
    5.300000000000E-01    9.449594624130E-05   -3.191866961987E-04    8.633514659505E-06
    5.400000000000E-01    9.329391505945E-05   -3.527185874125E-04    8.581251489491E-06
    5.500000000000E-01    9.197272061703E-05   -3.857960314890E-04    8.524515716811E-06
    5.600000000000E-01    9.053406449501E-05   -4.183767815355E-04    8.450593833799E-06
    5.700000000000E-01    8.897979827254E-05   -4.504192391374E-04    8.367312006727E-06
    5.800000000000E-01    8.731192113052E-05   -4.818824969687E-04    8.267862008966E-06
    5.900000000000E-01    8.553257728703E-05   -5.127263901138E-04    8.160607249542E-06
    6.000000000000E-01    8.364405324087E-05   -5.429115520743E-04    8.036123056268E-06
    6.100000000000E-01    8.164877481674E-05   -5.723994695693E-04    7.900256496313E-06
    6.200000000000E-01    7.954930405628E-05   -6.011525139693E-04    7.753519191944E-06
    6.300000000000E-01    7.734833594588E-05   -6.291340010313E-04    7.595234205050E-06
    6.400000000000E-01    7.504869494230E-05   -6.563082442472E-04    7.422281451111E-06
    6.500000000000E-01    7.265333134991E-05   -6.826405843850E-04    7.242947778561E-06
    6.600000000000E-01    7.016531754692E-05   -7.080974443886E-04    7.048160487451E-06
    6.700000000000E-01    6.758784403969E-05   -7.326463705821E-04    6.847134192267E-06
    6.800000000000E-01    6.492421538190E-05   -7.562560669598E-04    6.634784671788E-06
    6.900000000000E-01    6.217784593916E-05   -7.788964473589E-04    6.413484742102E-06
    7.000000000000E-01    5.935225550597E-05   -8.005386657660E-04    6.182667016192E-06
    7.100000000000E-01    5.645106480531E-05   -8.211551516271E-04    5.945534371941E-06
    7.200000000000E-01    5.347799085342E-05   -8.407196499360E-04    5.698762485430E-06
    7.300000000000E-01    5.043684219168E-05   -8.592072553582E-04    5.445189418176E-06
    7.400000000000E-01    4.733151400999E-05   -8.765944388206E-04    5.184371032723E-06
    7.500000000000E-01    4.416598315686E-05   -8.928590842378E-04    4.915371024875E-06
    7.600000000000E-01    4.094430304483E-05   -9.079805102401E-04    4.641344813005E-06
    7.700000000000E-01    3.767059846530E-05   -9.219394991721E-04    4.359862094817E-06
    7.800000000000E-01    3.434906029825E-05   -9.347183267522E-04    4.071165561232E-06
    7.900000000000E-01    3.098394014503E-05   -9.463007755138E-04    3.777911199672E-06
    8.000000000000E-01    2.757954489092E-05   -9.566721605168E-04    3.477487180647E-06
    8.100000000000E-01    2.414023118791E-05   -9.658193483388E-04    3.172355566257E-06
    8.200000000000E-01    2.067039987819E-05   -9.737307711126E-04    2.861368354837E-06
    8.300000000000E-01    1.717449036104E-05   -9.803964442375E-04    2.545276842506E-06
    8.400000000000E-01    1.365697490973E-05   -9.858079765363E-04    2.224312209356E-06
    8.500000000000E-01    1.012235295242E-05   -9.899585802383E-04    1.899561280021E-06
    8.600000000000E-01    6.575145317001E-06   -9.928430811699E-04    1.570327107621E-06
    8.700000000000E-01    3.019888445887E-06   -9.944579253377E-04    1.237630237386E-06
    8.800000000000E-01   -5.388714053749E-07   -9.948011814170E-04    9.018371441399E-07
    8.900000000000E-01   -4.096583980114E-06   -9.938725441737E-04    5.633488644532E-07
    9.000000000000E-01   -7.648700838817E-06   -9.916733345622E-04    2.226069578803E-07
    9.100000000000E-01   -1.119068117325E-05   -9.882064972965E-04   -1.196629664394E-07
    9.200000000000E-01   -1.471799761056E-05   -9.834765976934E-04   -4.634495872776E-07
    9.300000000000E-01   -1.822614200003E-05   -9.774898150933E-04   -8.077034967627E-07
    9.400000000000E-01   -2.171063117392E-05   -9.702539350092E-04   -1.152533040215E-06
    9.500000000000E-01   -2.516701267440E-05   -9.617783379877E-04   -1.496318429543E-06
    9.600000000000E-01   -2.859087044271E-05   -9.520739896366E-04   -1.840391255916E-06
    9.700000000000E-01   -3.197783046293E-05   -9.411534252356E-04   -2.182459391705E-06
    9.800000000000E-01   -3.532356634617E-05   -9.290307318103E-04   -2.522886154847E-06
    9.900000000000E-01   -3.862380485733E-05   -9.157215339853E-04   -2.861633742438E-06
    1.000000000000E+00   -4.187433137349E-05   -9.012429698589E-04   -3.196839472980E-06
    1.010000000000E+00   -4.507099526431E-05   -8.856136716013E-04   -3.529962764530E-06
    1.020000000000E+00   -4.820971519249E-05   -8.688537401007E-04   -3.858377781324E-06
    1.030000000000E+00   -5.128648432416E-05   -8.509847200495E-04   -4.184076676814E-06
    1.040000000000E+00   -5.429737544385E-05   -8.320295714415E-04   -4.503991192412E-06
    1.050000000000E+00   -5.723854596791E-05   -8.120126413774E-04   -4.820854432600E-06
    1.060000000000E+00   -6.010624284702E-05   -7.909596302111E-04   -5.130166310110E-06
    1.070000000000E+00   -6.289680735431E-05   -7.688975614848E-04   -5.436312395657E-06
    1.080000000000E+00   -6.560667975973E-05   -7.458547484414E-04   -5.735477076422E-06
    1.090000000000E+00   -6.823240385970E-05   -7.218607465475E-04   -6.025828700290E-06
    1.100000000000E+00   -7.077063139086E-05   -6.969463362530E-04   -6.315128104578E-06
    1.110000000000E+00   -7.321812631522E-05   -6.711434682940E-04   -6.593051479280E-06
    1.120000000000E+00   -7.557176891782E-05   -6.444852136346E-04   -6.862295095533E-06
    1.130000000000E+00   -7.782855979193E-05   -6.170057506293E-04   -7.129083087281E-06
    1.140000000000E+00   -7.998562368265E-05   -5.887402987279E-04   -7.383558736220E-06
    1.150000000000E+00   -8.204021312744E-05   -5.597250712251E-04   -7.630784347207E-06
    1.160000000000E+00   -8.398971195859E-05   -5.299972454184E-04   -7.870183852444E-06
    1.170000000000E+00   -8.583163863962E-05   -4.995948995042E-04   -8.098189594949E-06
    1.180000000000E+00   -8.756364942231E-05   -4.685569755468E-04   -8.320815920681E-06
    1.190000000000E+00   -8.918354133417E-05   -4.369232216109E-04   -8.530050345283E-06
    1.200000000000E+00   -9.068925497317E-05   -4.047341419843E-04   -8.732560303690E-06
    1.210000000000E+00   -9.207887712376E-05   -3.720309470065E-04   -8.921303952234E-06
    1.220000000000E+00   -9.335064319524E-05   -3.388555039597E-04   -9.105016366552E-06
    1.230000000000E+00   -9.450293946109E-05   -3.052502749032E-04   -9.271889469930E-06
    1.240000000000E+00   -9.553430510025E-05   -2.712582681773E-04   -9.433958211415E-06
    1.250000000000E+00   -9.644343405528E-05   -2.369229844608E-04   -9.580057322577E-06
    1.260000000000E+00   -9.722917668390E-05   -2.022883553039E-04   -9.719005828570E-06
    1.270000000000E+00   -9.789054120925E-05   -1.673986920331E-04   -9.842528000076E-06
    1.280000000000E+00   -9.842669497793E-05   -1.322986294041E-04   -9.959663937128E-06
    1.290000000000E+00   -9.883696549352E-05   -9.703305647031E-05   -1.005543898016E-05
    1.300000000000E+00   -9.912084126709E-05   -6.164708339414E-05   -1.015247100561E-05
    1.310000000000E+00   -9.927797247970E-05   -2.618596955324E-05   -1.022787621315E-05
    1.320000000000E+00   -9.930817137471E-05    9.304955585373E-06   -1.029242231796E-05
    1.330000000000E+00   -9.921141248372E-05    4.478030638429E-05   -1.034788362653E-05
    1.340000000000E+00   -9.898783266511E-05    8.019473178565E-05   -1.038676296663E-05
    1.350000000000E+00   -9.863773089639E-05    1.155029622601E-04   -1.041703276914E-05
    1.360000000000E+00   -9.816156787864E-05    1.506598678297E-04   -1.043114071062E-05
    1.370000000000E+00   -9.755996542513E-05    1.856205207281E-04   -1.043430803141E-05
    1.380000000000E+00   -9.683370565946E-05    2.203402391946E-04   -1.042663274957E-05
    1.390000000000E+00   -9.598372999675E-05    2.547746649487E-04   -1.040197431031E-05
    1.400000000000E+00   -9.501113790971E-05    2.888798059531E-04   -1.036824345600E-05
    1.410000000000E+00   -9.391718552682E-05    3.226120875355E-04   -1.032217398452E-05
    1.420000000000E+00   -9.270328400381E-05    3.559284279343E-04   -1.026059171461E-05
    1.430000000000E+00   -9.137099768471E-05    3.887862804237E-04   -1.018747741044E-05
    1.440000000000E+00   -8.992204211111E-05    4.211436759964E-04   -1.010620652042E-05
    1.450000000000E+00   -8.835828181436E-05    4.529593020669E-04   -1.000675186211E-05
    1.460000000000E+00   -8.668172789479E-05    4.841925427269E-04   -9.899505998408E-06
    1.470000000000E+00   -8.489453545519E-05    5.148035200632E-04   -9.780364484248E-06
    1.480000000000E+00   -8.299900082454E-05    5.447531700136E-04   -9.645798739300E-06
    1.490000000000E+00   -8.099755860250E-05    5.740032667174E-04   -9.505997842419E-06
    1.500000000000E+00   -7.889277854267E-05    6.025164883003E-04   -9.347955993375E-06
    1.510000000000E+00   -7.668736223849E-05    6.302564613902E-04   -9.183628506996E-06
    1.520000000000E+00   -7.438413966997E-05    6.571877944188E-04   -9.007364356115E-06
    1.530000000000E+00   -7.198606557721E-05    6.832761411210E-04   -8.820884236296E-06
    1.540000000000E+00   -6.949621565825E-05    7.084882352334E-04   -8.623655384171E-06
    1.550000000000E+00   -6.691778262318E-05    7.327919361418E-04   -8.415619676015E-06
    1.560000000000E+00   -6.425407210443E-05    7.561562636415E-04   -8.199745467929E-06
    1.570000000000E+00   -6.150849841967E-05    7.785514455354E-04   -7.971464878958E-06
    1.580000000000E+00   -5.868458019401E-05    7.999489487308E-04   -7.737596626659E-06
    1.590000000000E+00   -5.578593585520E-05    8.203215190541E-04   -7.491659835772E-06
    1.600000000000E+00   -5.281627898965E-05    8.396432193367E-04   -7.238610007377E-06
    1.610000000000E+00   -4.977941358543E-05    8.578894544010E-04   -6.976482940174E-06
    1.620000000000E+00   -4.667922916333E-05    8.750370087359E-04   -6.706694296914E-06
    1.630000000000E+00   -4.351969579327E-05    8.910640728400E-04   -6.429086968549E-06
    1.640000000000E+00   -4.030485901118E-05    9.059502725559E-04   -6.144203775145E-06
    1.650000000000E+00   -3.703883463761E-05    9.196766946409E-04   -5.852090351640E-06
    1.660000000000E+00   -3.372580350744E-05    9.322259109037E-04   -5.553247719199E-06
    1.670000000000E+00   -3.037000611783E-05    9.435819997685E-04   -5.248053915870E-06
    1.680000000000E+00   -2.697573720021E-05    9.537305671672E-04   -4.936638884183E-06
    1.690000000000E+00   -2.354734022603E-05    9.626587626769E-04   -4.620574165716E-06
    1.700000000000E+00   -2.008920184845E-05    9.703552991626E-04   -4.298117477066E-06
    1.710000000000E+00   -1.660574628532E-05    9.768104660210E-04   -3.971426796816E-06
    1.720000000000E+00   -1.310142966199E-05    9.820161383101E-04   -3.640517962512E-06
    1.730000000000E+00   -9.580734312581E-06    9.859657908862E-04   -3.305371351040E-06
    1.740000000000E+00   -6.048163043346E-06    9.886545054587E-04   -2.966640718207E-06
    1.750000000000E+00   -2.508233375020E-06    9.900789752522E-04   -2.625131116225E-06
    1.760000000000E+00    1.034528233611E-06    9.902375108687E-04   -2.280497384726E-06
    1.770000000000E+00    4.575592174549E-06    9.891300413467E-04   -1.934072921007E-06
    1.780000000000E+00    8.110431481133E-06    9.867581140632E-04   -1.585530313268E-06
    1.790000000000E+00    1.163452761483E-05    9.831248927305E-04   -1.236127880853E-06
    1.800000000000E+00    1.514337624195E-05    9.782351537742E-04   -8.852113622014E-07
    1.810000000000E+00    1.863249299181E-05    9.720952795629E-04   -5.343197379886E-07
    1.820000000000E+00    2.209741918532E-05    9.647132486695E-04   -1.835894080538E-07
    1.830000000000E+00    2.553372753425E-05    9.560986292252E-04    1.675202399251E-07
    1.840000000000E+00    2.893702779643E-05    9.462625608943E-04    5.157270743223E-07
    1.850000000000E+00    3.230297238402E-05    9.352177467124E-04    8.650643619411E-07
    1.860000000000E+00    3.562726192407E-05    9.229784345614E-04    1.211066778386E-06
    1.870000000000E+00    3.890565074320E-05    9.095603932679E-04    1.554681897374E-06
    1.880000000000E+00    4.213395228825E-05    8.949809007117E-04    1.896161480722E-06
    1.890000000000E+00    4.530804448030E-05    8.792587185319E-04    2.234755551387E-06
    1.900000000000E+00    4.842387497372E-05    8.624140642337E-04    2.568624727405E-06
    1.910000000000E+00    5.147746632753E-05    8.444685901504E-04    2.899801940850E-06
    1.920000000000E+00    5.446492108430E-05    8.254453527614E-04    3.224863040712E-06
    1.930000000000E+00    5.738242674380E-05    8.053687845482E-04    3.546679078959E-06
    1.940000000000E+00    6.022626063522E-05    7.842646654390E-04    3.863416737177E-06
    1.950000000000E+00    6.299279466384E-05    7.621600811937E-04    4.173197996283E-06
    1.960000000000E+00    6.567849993051E-05    7.390833939008E-04    4.477145488539E-06
    1.970000000000E+00    6.827995124148E-05    7.150642102332E-04    4.775995610973E-06
    1.980000000000E+00    7.079383147960E-05    6.901333356411E-04    5.066510360411E-06
    1.990000000000E+00    7.321693582744E-05    6.643227374478E-04    5.350899837099E-06
    2.000000000000E+00    7.554617585305E-05    6.376655049103E-04    5.626531195723E-06
    2.010000000000E+00    7.777858344930E-05    6.101958073778E-04    5.895957048968E-06
    2.020000000000E+00    7.991131461805E-05    5.819488493610E-04    6.155930564986E-06
    2.030000000000E+00    8.194165308999E-05    5.529608235759E-04    6.407995565452E-06
    2.040000000000E+00    8.386701378190E-05    5.232688671181E-04    6.650351833622E-06
    2.050000000000E+00    8.568494609477E-05    4.929110162133E-04    6.885867121648E-06
    2.060000000000E+00    8.739313701927E-05    4.619261438807E-04    7.105150883951E-06
    2.070000000000E+00    8.898941408881E-05    4.303539370041E-04    7.326112591014E-06
    2.080000000000E+00    9.047174814667E-05    3.982348153875E-04    7.522543078803E-06
    2.090000000000E+00    9.183825591604E-05    3.656099024920E-04    7.724952155960E-06
    2.100000000000E+00    9.308720240849E-05    3.325209643881E-04    7.902460506909E-06
    2.110000000000E+00    9.421700309908E-05    2.990103403908E-04    8.076712347822E-06
    2.120000000000E+00    9.522622594554E-05    2.651209252343E-04    8.237190164698E-06
    2.130000000000E+00    9.611359322192E-05    2.308960831919E-04    8.388240844335E-06
    2.140000000000E+00    9.687798311939E-05    1.963796038148E-04    8.525653822680E-06
    2.150000000000E+00    9.751843116269E-05    1.616156431477E-04    8.652263400345E-06
    2.160000000000E+00    9.803413143247E-05    1.266486739702E-04    8.767652679208E-06
    2.170000000000E+00    9.842443758586E-05    9.152342283717E-05    8.871292064934E-06
    2.180000000000E+00    9.868886365415E-05    5.628480839175E-05    8.960290053766E-06
    2.190000000000E+00    9.882708465438E-05    2.097789905724E-05    9.042613318886E-06
    2.200000000000E+00    9.883893697671E-05   -1.435216999207E-05    9.101200803429E-06
    2.210000000000E+00    9.872441857892E-05   -4.966022161301E-05    9.162463651175E-06
    2.220000000000E+00    9.848368900288E-05   -8.490111141420E-05    9.199889177797E-06
    2.230000000000E+00    9.811706911942E-05   -1.200298048743E-04    9.229068782859E-06
    2.240000000000E+00    9.762504070444E-05   -1.550013945427E-04    9.246092026704E-06
    2.250000000000E+00    9.700824582314E-05   -1.897711900892E-04    9.248324627497E-06
    2.260000000000E+00    9.626748597445E-05   -2.242947623133E-04    9.239215696082E-06
    2.270000000000E+00    9.540372106520E-05   -2.585279943055E-04    9.219301176012E-06
    2.280000000000E+00    9.441806816074E-05   -2.924271552186E-04    9.182331903696E-06
    2.290000000000E+00    9.331180002916E-05   -3.259489418838E-04    9.136845157576E-06
    2.300000000000E+00    9.208634351911E-05   -3.590505302531E-04    9.078790615207E-06
    2.310000000000E+00    9.074327771270E-05   -3.916896495803E-04    9.005843269505E-06
    2.320000000000E+00    8.928433187974E-05   -4.238246193959E-04    8.923496069662E-06
    2.330000000000E+00    8.771138326194E-05   -4.554144074998E-04    8.826789596681E-06
    2.340000000000E+00    8.602645465480E-05   -4.864186851097E-04    8.719706050999E-06
    2.350000000000E+00    8.423171181029E-05   -5.167978718334E-04    8.600959306905E-06
    2.360000000000E+00    8.232946064532E-05   -5.465131993150E-04    8.467224279880E-06
    2.370000000000E+00    8.032214428376E-05   -5.755267405718E-04    8.328508902030E-06
    2.380000000000E+00    7.821233993074E-05   -6.038014744677E-04    8.172529942505E-06
    2.390000000000E+00    7.600275554263E-05   -6.313013353806E-04    8.007965418048E-06
    2.400000000000E+00    7.369622635592E-05   -6.579912424815E-04    7.831916066423E-06
    2.410000000000E+00    7.129571126214E-05   -6.838371564427E-04    7.646399815283E-06
    2.420000000000E+00    6.880428900352E-05   -7.088061229989E-04    7.448460670963E-06
    2.430000000000E+00    6.622515422297E-05   -7.328663107619E-04    7.242493949356E-06
    2.440000000000E+00    6.356161337268E-05   -7.559870524768E-04    7.025191517785E-06
    2.450000000000E+00    6.081708047183E-05   -7.781388880775E-04    6.798754819110E-06
    2.460000000000E+00    5.799507273018E-05   -7.992935966115E-04    6.563039669344E-06
    2.470000000000E+00    5.509920604491E-05   -8.194242351786E-04    6.318601213675E-06
    2.480000000000E+00    5.213319036419E-05   -8.385051744680E-04    6.064634083688E-06
    2.490000000000E+00    4.910082493234E-05   -8.565121294200E-04    5.802817157429E-06
    2.500000000000E+00    4.600599342640E-05   -8.734221892654E-04    5.532852105771E-06
    2.510000000000E+00    4.285265898251E-05   -8.892138490630E-04    5.255103381000E-06
    2.520000000000E+00    3.964485912029E-05   -9.038670352063E-04    4.970321674187E-06
    2.530000000000E+00    3.638670057367E-05   -9.173631321747E-04    4.678199541314E-06
    2.540000000000E+00    3.308235403123E-05   -9.296850063948E-04    4.379386838751E-06
    2.550000000000E+00    2.973604879793E-05   -9.408170263053E-04    4.074536174457E-06
    2.560000000000E+00    2.635206738259E-05   -9.507450837954E-04    3.763413590409E-06
    2.570000000000E+00    2.293474001933E-05   -9.594566096748E-04    3.448034208676E-06
    2.580000000000E+00    1.948843912522E-05   -9.669405938820E-04    3.125774455421E-06
    2.590000000000E+00    1.601757370254E-05   -9.731875962338E-04    2.800432735494E-06
    2.600000000000E+00    1.252658370291E-05   -9.781897569511E-04    2.470169296065E-06
    2.610000000000E+00    9.019934346131E-06   -9.819408115099E-04    2.136016909744E-06
    2.620000000000E+00    5.502110407597E-06   -9.844360933034E-04    1.799043174609E-06
    2.630000000000E+00    1.977610484522E-06   -9.856725428620E-04    1.458377677431E-06
    2.640000000000E+00   -1.549058758661E-06   -9.856487102504E-04    1.115849602049E-06
    2.650000000000E+00   -5.073388351308E-06   -9.843647562618E-04    7.708707217997E-07
    2.660000000000E+00   -8.590872781671E-06   -9.818224535156E-04    4.244538899817E-07
    2.670000000000E+00   -1.209701575670E-05   -9.780251823930E-04    7.692722391681E-08
    2.680000000000E+00   -1.558733594980E-05   -9.729779283626E-04   -2.717070970631E-07
    2.690000000000E+00   -1.905737272998E-05   -9.666872742607E-04   -6.204593928965E-07
    2.700000000000E+00   -2.250269185906E-05   -9.591613901734E-04   -9.684670578930E-07
    2.710000000000E+00   -2.591889115850E-05   -9.504100265132E-04   -1.316801818950E-06
    2.720000000000E+00   -2.930160613766E-05   -9.404444994688E-04   -1.663528236052E-06
    2.730000000000E+00   -3.264651556804E-05   -9.292776752847E-04   -2.009110329715E-06
    2.740000000000E+00   -3.594934700180E-05   -9.169239548939E-04   -2.352311122163E-06
    2.750000000000E+00   -3.920588222875E-05   -9.033992548419E-04   -2.693316026265E-06
    2.760000000000E+00   -4.241196266522E-05   -8.887209883057E-04   -3.031746813788E-06
    2.770000000000E+00   -4.556349466468E-05   -8.729080403529E-04   -3.366496230738E-06
    2.780000000000E+00   -4.865645474573E-05   -8.559807464848E-04   -3.698781848174E-06
    2.790000000000E+00   -5.168689472262E-05   -8.379608595781E-04   -4.023641915920E-06
    2.800000000000E+00   -5.465094674863E-05   -8.188715342706E-04   -4.349205796780E-06
    2.810000000000E+00   -5.754482826174E-05   -7.987372879556E-04   -4.665346434622E-06
    2.820000000000E+00   -6.036484679316E-05   -7.775839631099E-04   -4.976746053271E-06
    2.830000000000E+00   -6.310740468886E-05   -7.554387163577E-04   -5.285727431147E-06
    2.840000000000E+00   -6.576900371041E-05   -7.323299619198E-04   -5.584854965472E-06
    2.850000000000E+00   -6.834624947728E-05   -7.082873395746E-04   -5.878937586026E-06
    2.860000000000E+00   -7.083585580021E-05   -6.833416857599E-04   -6.165656916880E-06
    2.870000000000E+00   -7.323464888056E-05   -6.575249876347E-04   -6.446265460662E-06
    2.880000000000E+00   -7.553957135089E-05   -6.308703401661E-04   -6.717401462367E-06
    2.890000000000E+00   -7.774768616159E-05   -6.034119030987E-04   -6.979997916339E-06
    2.900000000000E+00   -7.985618033906E-05   -5.751848720918E-04   -7.239056298890E-06
    2.910000000000E+00   -8.186236857052E-05   -5.462254107276E-04   -7.482731839743E-06
    2.920000000000E+00   -8.376369660704E-05   -5.165706168687E-04   -7.723144971998E-06
    2.930000000000E+00   -8.555774452309E-05   -4.862584761221E-04   -7.949026641034E-06
    2.940000000000E+00   -8.724222979939E-05   -4.553278095659E-04   -8.170497763479E-06
    2.950000000000E+00   -8.881501022594E-05   -4.238182255474E-04   -8.377161167118E-06
    2.960000000000E+00   -9.027408662110E-05   -3.917700650316E-04   -8.576963876268E-06
    2.970000000000E+00   -9.161760537955E-05   -3.592243606271E-04   -8.765504829743E-06
    2.980000000000E+00   -9.284386082773E-05   -3.262227699192E-04   -8.942852018619E-06
    2.990000000000E+00   -9.395129737643E-05   -2.928075287768E-04   -9.108338745544E-06
    3.000000000000E+00   -9.493851150453E-05   -2.590214036383E-04   -9.265607247521E-06
    3.010000000000E+00   -9.580425354233E-05   -2.249076272011E-04   -9.408661971874E-06
    3.020000000000E+00   -9.654742923880E-05   -1.905098419861E-04   -9.540549795180E-06
    3.030000000000E+00   -9.716710115512E-05   -1.558720596148E-04   -9.663756511725E-06
    3.040000000000E+00   -9.766248984489E-05   -1.210385823460E-04   -9.768968295012E-06
    3.050000000000E+00   -9.803297482287E-05   -8.605396328311E-05   -9.868137794642E-06
    3.060000000000E+00   -9.827809536996E-05   -5.096295465438E-05   -9.954926154873E-06
    3.070000000000E+00   -9.839755107655E-05   -1.581041329398E-05   -1.002046808005E-05
    3.080000000000E+00   -9.839120220857E-05    1.935870396981E-05   -1.008795090378E-05
    3.090000000000E+00   -9.825906991059E-05    5.449942676006E-05   -1.013234693118E-05
    3.100000000000E+00   -9.800133611827E-05    8.956684720127E-05   -1.016649903389E-05
    3.110000000000E+00   -9.761834331948E-05    1.245161284370E-04   -1.019274907515E-05
    3.120000000000E+00   -9.711059411474E-05    1.593026082829E-04   -1.019806019006E-05
    3.130000000000E+00   -9.647875054267E-05    1.938818269669E-04   -1.020121299659E-05
    3.140000000000E+00   -9.572363321814E-05    2.282096040123E-04   -1.017798338791E-05
    3.150000000000E+00   -9.484622026735E-05    2.622420749616E-04   -1.015821654942E-05
    3.160000000000E+00   -9.384764608234E-05    2.959357554946E-04   -1.011320685945E-05
    3.170000000000E+00   -9.272919982740E-05    3.292476160491E-04   -1.006216949967E-05
    3.180000000000E+00   -9.149232377594E-05    3.621351019677E-04   -9.995900158263E-06
    3.190000000000E+00   -9.013861147250E-05    3.945562110399E-04   -9.920679862486E-06
    3.200000000000E+00   -8.866980566649E-05    4.264695436331E-04   -9.829298654133E-06
    3.210000000000E+00   -8.708779605373E-05    4.578343599404E-04   -9.725618111639E-06
    3.220000000000E+00   -8.539461686627E-05    4.886106075682E-04   -9.616119194245E-06
    3.230000000000E+00   -8.359244426960E-05    5.187590015972E-04   -9.488518868876E-06
    3.240000000000E+00   -8.168359352049E-05    5.482410783344E-04   -9.347310993724E-06
    3.250000000000E+00   -7.967051602076E-05    5.770191997254E-04   -9.205225420924E-06
    3.260000000000E+00   -7.755579619397E-05    6.050566479395E-04   -9.040754134105E-06
    3.270000000000E+00   -7.534214811941E-05    6.323176664301E-04   -8.869892087094E-06
    3.280000000000E+00   -7.303241206632E-05    6.587674746478E-04   -8.688438679841E-06
    3.290000000000E+00   -7.062955086929E-05    6.843723421197E-04   -8.495800972192E-06
    3.300000000000E+00   -6.813664610494E-05    7.090996254310E-04   -8.291179100950E-06
    3.310000000000E+00   -6.555689414136E-05    7.329178023695E-04   -8.078187475800E-06
    3.320000000000E+00   -6.289360205310E-05    7.557965129465E-04   -7.855584249192E-06
    3.330000000000E+00   -6.015018337362E-05    7.777066092232E-04   -7.620784284843E-06
    3.340000000000E+00   -5.733015371381E-05    7.986201803401E-04   -7.379341641552E-06
    3.350000000000E+00   -5.443712627049E-05    8.185105890217E-04   -7.128164180334E-06
    3.360000000000E+00   -5.147480718834E-05    8.373525169343E-04   -6.866435028279E-06
    3.370000000000E+00   -4.844699081004E-05    8.551219819079E-04   -6.599477647918E-06
    3.380000000000E+00   -4.535755482411E-05    8.717963777880E-04   -6.321279905223E-06
    3.390000000000E+00   -4.221045529273E-05    8.873545017906E-04   -6.037970369511E-06
    3.400000000000E+00   -3.900972158629E-05    9.017765791648E-04   -5.744842933131E-06
    3.410000000000E+00   -3.575945122834E-05    9.150442887202E-04   -5.447824215454E-06
    3.420000000000E+00   -3.246380464576E-05    9.271407902082E-04   -5.139928881873E-06
    3.430000000000E+00   -2.912699984073E-05    9.380507406618E-04   -4.829916688829E-06
    3.440000000000E+00   -2.575330700152E-05    9.477603123065E-04   -4.511684823448E-06
    3.450000000000E+00   -2.234704303119E-05    9.562572204657E-04   -4.188201571268E-06
    3.460000000000E+00   -1.891256602322E-05    9.635307253504E-04   -3.861070109256E-06
    3.470000000000E+00   -1.545426969103E-05    9.695716560667E-04   -3.527435836658E-06
    3.480000000000E+00   -1.197657774033E-05    9.743724185368E-04   -3.190949595366E-06
    3.490000000000E+00   -8.483938213284E-06    9.779270033187E-04   -2.849732840312E-06
    3.500000000000E+00   -4.980817799916E-06    9.802309961438E-04   -2.505758326891E-06
    3.510000000000E+00   -1.471696125197E-06    9.812815809372E-04   -2.158530230569E-06
    3.520000000000E+00    2.038939979006E-06    9.810775452682E-04   -1.808902114055E-06
    3.530000000000E+00    5.546602211744E-06    9.796192803615E-04   -1.457152130034E-06
    3.540000000000E+00    9.046806540704E-06    9.769087810303E-04   -1.103804064586E-06
    3.550000000000E+00    1.253507893446E-05    9.729496426811E-04   -7.492963779031E-07
    3.560000000000E+00    1.600696108119E-05    9.677470567636E-04   -3.940370212885E-07
    3.570000000000E+00    1.945801608690E-05    9.613078038209E-04   -3.854902966262E-08
    3.580000000000E+00    2.288383414840E-05    9.536402463978E-04    3.177325254785E-07
    3.590000000000E+00    2.628003818234E-05    9.447543114992E-04    6.705462188362E-07
    3.600000000000E+00    2.964228941903E-05    9.346614884826E-04    1.026467003626E-06
    3.610000000000E+00    3.296629295403E-05    9.233748075651E-04    1.377521892676E-06
    3.620000000000E+00    3.624780322403E-05    9.109088189880E-04    1.728043079791E-06
    3.630000000000E+00    3.948262943042E-05    8.972795845914E-04    2.075841080577E-06
    3.640000000000E+00    4.266664089684E-05    8.825046493760E-04    2.420922023779E-06
    3.650000000000E+00    4.579577234358E-05    8.666030234311E-04    2.763626374117E-06
    3.660000000000E+00    4.886602907367E-05    8.495951506601E-04    3.100155888088E-06
    3.670000000000E+00    5.187349207101E-05    8.315028908775E-04    3.435547022321E-06
    3.680000000000E+00    5.481432301340E-05    8.123494901548E-04    3.765139488311E-06
    3.690000000000E+00    5.768476915708E-05    7.921595386218E-04    4.087083311571E-06
    3.700000000000E+00    6.048116812878E-05    7.709589610234E-04    4.409107262339E-06
    3.710000000000E+00    6.319995261319E-05    7.487749676507E-04    4.720547177001E-06
    3.720000000000E+00    6.583765488782E-05    7.256360181180E-04    5.028418011941E-06
    3.730000000000E+00    6.839091125616E-05    7.015718007468E-04    5.330961199449E-06
    3.740000000000E+00    7.085646633152E-05    6.766131697417E-04    5.621373142177E-06
    3.750000000000E+00    7.323117716758E-05    6.507921222559E-04    5.907213171987E-06
    3.760000000000E+00    7.551201729571E-05    6.241417692848E-04    6.188361302462E-06
    3.770000000000E+00    7.769608058736E-05    5.966962669610E-04    6.457712811047E-06
    3.780000000000E+00    7.978058493035E-05    5.684907812183E-04    6.719887287670E-06
    3.790000000000E+00    8.176287578198E-05    5.395614543289E-04    6.974287702141E-06
    3.800000000000E+00    8.364042954775E-05    5.099453407996E-04    7.215604429088E-06
    3.810000000000E+00    8.541085679662E-05    4.796803802019E-04    7.454613072855E-06
    3.820000000000E+00    8.707190531195E-05    4.488053323945E-04    7.676979214635E-06
    3.830000000000E+00    8.862146294040E-05    4.173597294713E-04    7.894389418589E-06
    3.840000000000E+00    9.005756028059E-05    3.853838341318E-04    8.097562034155E-06
    3.850000000000E+00    9.137837319179E-05    3.529185808049E-04    8.294112647700E-06
    3.860000000000E+00    9.258222511412E-05    3.200055291108E-04    8.478065116392E-06
    3.870000000000E+00    9.366758918759E-05    2.866867979632E-04    8.649960174615E-06
    3.880000000000E+00    9.463309018451E-05    2.530050271760E-04    8.812523620528E-06
    3.890000000000E+00    9.547750627260E-05    2.190033211711E-04    8.965359377549E-06
    3.900000000000E+00    9.619977054139E-05    1.847251730077E-04    9.099582775611E-06
    3.910000000000E+00    9.679897234339E-05    1.502144367650E-04    9.230498879667E-06
    3.920000000000E+00    9.727435847654E-05    1.155152664855E-04    9.346483089001E-06
    3.930000000000E+00    9.762533411164E-05    8.067203465012E-05    9.448865417141E-06
    3.940000000000E+00    9.785146351730E-05    4.572930053401E-05    9.540091584255E-06
    3.950000000000E+00    9.795247061851E-05    1.073174884456E-05    9.619075296219E-06
    3.960000000000E+00    9.792823934071E-05   -2.427586882102E-05    9.687509586828E-06
    3.970000000000E+00    9.777881373474E-05   -5.924879789778E-05    9.740591716587E-06
    3.980000000000E+00    9.750439789146E-05   -9.414233452757E-05    9.782027234294E-06
    3.990000000000E+00    9.710535568252E-05   -1.289118690328E-04    9.814690777909E-06
    4.000000000000E+00    9.658221027181E-05   -1.635129706599E-04    9.826818305578E-06
    4.010000000000E+00    9.593564341850E-05   -1.979014192869E-04    9.835338719343E-06
    4.020000000000E+00    9.516649461135E-05   -2.320332680946E-04    9.825075936110E-06
    4.030000000000E+00    9.427575996294E-05   -2.658649150186E-04    9.804437083781E-06
    4.040000000000E+00    9.326459092012E-05   -2.993531341004E-04    9.771898165814E-06
    4.050000000000E+00    9.213429278757E-05   -3.324551485434E-04    9.725926415814E-06
    4.060000000000E+00    9.088632302950E-05   -3.651286817246E-04    9.667059413765E-06
    4.070000000000E+00    8.952228939673E-05   -3.973320037170E-04    9.597975736596E-06
    4.080000000000E+00    8.804394786094E-05   -4.290239926431E-04    9.514737259898E-06
    4.090000000000E+00    8.645320034610E-05   -4.601641866417E-04    9.420357084615E-06
    4.100000000000E+00    8.475209227774E-05   -4.907128337127E-04    9.311943387191E-06
    4.110000000000E+00    8.294280996637E-05   -5.206309346068E-04    9.196933781403E-06
    4.120000000000E+00    8.102767779593E-05   -5.498803089163E-04    9.063346478989E-06
    4.130000000000E+00    7.900915522559E-05   -5.784236333242E-04    8.924507827989E-06
    4.140000000000E+00    7.688983364474E-05   -6.062244853632E-04    8.770629081707E-06
    4.150000000000E+00    7.467243303756E-05   -6.332474061830E-04    8.605952391229E-06
    4.160000000000E+00    7.235979848887E-05   -6.594579264308E-04    8.431539475680E-06
    4.170000000000E+00    6.995489654990E-05   -6.848226187177E-04    8.246906163767E-06
    4.180000000000E+00    6.746081142333E-05   -7.093091461514E-04    8.049839472429E-06
    4.190000000000E+00    6.488074100258E-05   -7.328862952718E-04    7.844519017430E-06
    4.200000000000E+00    6.221799278148E-05   -7.555240156042E-04    7.628889764526E-06
    4.210000000000E+00    5.947597960549E-05   -7.771934686260E-04    7.401190355570E-06
    4.220000000000E+00    5.665821530286E-05   -7.978670459576E-04    7.169764847929E-06
    4.230000000000E+00    5.376831018822E-05   -8.175184224373E-04    6.922862804749E-06
    4.240000000000E+00    5.080996642335E-05   -8.361225829206E-04    6.672610850426E-06
    4.250000000000E+00    4.778697328341E-05   -8.536558482941E-04    6.410541779349E-06
    4.260000000000E+00    4.470320229895E-05   -8.700959188941E-04    6.141375068320E-06
    4.270000000000E+00    4.156260229776E-05   -8.854218871431E-04    5.865460115902E-06
    4.280000000000E+00    3.836919435760E-05   -8.996142746056E-04    5.581680904240E-06
    4.290000000000E+00    3.512706664764E-05   -9.126550572653E-04    5.290113585182E-06
    4.300000000000E+00    3.184036919248E-05   -9.245276834613E-04    4.992430995570E-06
    4.310000000000E+00    2.851330857105E-05   -9.352170923330E-04    4.690159532266E-06
    4.320000000000E+00    2.515014253104E-05   -9.447097426512E-04    4.379546866953E-06
    4.330000000000E+00    2.175517452936E-05   -9.529936252879E-04    4.064753409658E-06
    4.340000000000E+00    1.833274823299E-05   -9.600582729149E-04    3.745114441766E-06
    4.350000000000E+00    1.488724196517E-05   -9.658947808290E-04    3.420551421033E-06
    4.360000000000E+00    1.142306309904E-05   -9.704958155342E-04    3.091887990032E-06
    4.370000000000E+00    7.944642420724E-06   -9.738556232187E-04    2.759467698015E-06
    4.380000000000E+00    4.456428463231E-06   -9.759700375972E-04    2.423760438115E-06
    4.390000000000E+00    9.628818166972E-07   -9.768364852922E-04    2.084995708585E-06
    4.400000000000E+00   -2.531530575677E-06   -9.764539884486E-04    1.743936176016E-06
    4.410000000000E+00   -6.022341128212E-06   -9.748231657659E-04    1.400846974396E-06
    4.420000000000E+00   -9.505087325279E-06   -9.719462325519E-04    1.055931537736E-06
    4.430000000000E+00   -1.297531742543E-05   -9.678269959739E-04    7.104380041655E-07
    4.440000000000E+00   -1.642859615146E-05   -9.624708519475E-04    3.634986870771E-07
    4.450000000000E+00   -1.986051036029E-05   -9.558847769614E-04    1.698546364102E-08
    4.460000000000E+00   -2.326667468165E-05   -9.480773188136E-04   -3.298675409766E-07
    4.470000000000E+00   -2.664273712184E-05   -9.390585863715E-04   -6.756646790615E-07
    4.480000000000E+00   -2.998438462370E-05   -9.288402353035E-04   -1.020512050660E-06
    4.490000000000E+00   -3.328734857692E-05   -9.174354546046E-04   -1.363904119210E-06
    4.500000000000E+00   -3.654741027189E-05   -9.048589485266E-04   -1.705364127601E-06
    4.510000000000E+00   -3.976040628597E-05   -8.911269168514E-04   -2.043960353117E-06
    4.520000000000E+00   -4.292223380041E-05   -8.762570358395E-04   -2.380236898056E-06
    4.530000000000E+00   -4.602885584370E-05   -8.602684362081E-04   -2.713676673275E-06
    4.540000000000E+00   -4.907630644062E-05   -8.431816723848E-04   -3.041400492744E-06
    4.550000000000E+00   -5.206069567385E-05   -8.250187044235E-04   -3.367564524162E-06
    4.560000000000E+00   -5.497821465410E-05   -8.058028649033E-04   -3.686571594102E-06
    4.570000000000E+00   -5.782514037728E-05   -7.855588289481E-04   -4.002584099179E-06
    4.580000000000E+00   -6.059784048395E-05   -7.643125895383E-04   -4.313930624614E-06
    4.590000000000E+00   -6.329277788753E-05   -7.420914088538E-04   -4.616237100587E-06
    4.600000000000E+00   -6.590651527584E-05   -7.189237961268E-04   -4.915025945486E-06
    4.610000000000E+00   -6.843571950590E-05   -6.948394701214E-04   -5.205410883539E-06
    4.620000000000E+00   -7.087716585841E-05   -6.698693182250E-04   -5.491371640751E-06
    4.630000000000E+00   -7.322774215008E-05   -6.440453578909E-04   -5.768627799776E-06
    4.640000000000E+00   -7.548445268688E-05   -6.174006862612E-04   -6.035961869322E-06
    4.650000000000E+00   -7.764442208681E-05   -5.899694576583E-04   -6.300250244916E-06
    4.660000000000E+00   -7.970489895390E-05   -5.617868228746E-04   -6.550825419071E-06
    4.670000000000E+00   -8.166325937107E-05   -5.328888886522E-04   -6.797113474155E-06
    4.680000000000E+00   -8.351701024635E-05   -5.033126762629E-04   -7.031175567913E-06
    4.690000000000E+00   -8.526379248533E-05   -4.730960657460E-04   -7.257798241027E-06
    4.700000000000E+00   -8.690138399354E-05   -4.422777566500E-04   -7.474244052740E-06
    4.710000000000E+00   -8.842770250889E-05   -4.108972122605E-04   -7.681850175148E-06
    4.720000000000E+00   -8.984080824139E-05   -3.789946076940E-04   -7.877135773677E-06
    4.730000000000E+00   -9.113890633258E-05   -3.466107809541E-04   -8.062857189234E-06
    4.740000000000E+00   -9.232034914363E-05   -3.137871861885E-04   -8.238655432943E-06
    4.750000000000E+00   -9.338363835444E-05   -2.805658347388E-04   -8.404020672783E-06
    4.760000000000E+00   -9.432742685482E-05   -2.469892378615E-04   -8.556658199756E-06
    4.770000000000E+00   -9.515052044292E-05   -2.131003562928E-04   -8.698303737131E-06
    4.780000000000E+00   -9.585187934788E-05   -1.789425524003E-04   -8.830673462118E-06
    4.790000000000E+00   -9.643061954472E-05   -1.445595219421E-04   -8.948396032511E-06
    4.800000000000E+00   -9.688601385466E-05   -1.099952423040E-04   -9.055529243768E-06
    4.810000000000E+00   -9.721749286837E-05   -7.529392533445E-05   -9.151813348085E-06
    4.820000000000E+00   -9.742464566295E-05   -4.049994920107E-05   -9.234852065850E-06
    4.830000000000E+00   -9.750722029859E-05   -5.657803356814E-06   -9.305377578198E-06
    4.840000000000E+00   -9.746512412901E-05    2.918796048979E-05   -9.365419575845E-06
    4.850000000000E+00   -9.729842390384E-05    6.399279565061E-05   -9.409975135482E-06
    4.860000000000E+00   -9.700734567022E-05    9.871220544429E-05   -9.447795500803E-06
    4.870000000000E+00   -9.659227446602E-05    1.333018146253E-04   -9.465774850904E-06
    4.880000000000E+00   -9.605375380150E-05    1.677174162897E-04   -9.478183605635E-06
    4.890000000000E+00   -9.539248495979E-05    2.019150261933E-04   -9.473167522368E-06
    4.900000000000E+00   -9.460932606950E-05    2.358509557947E-04   -9.455615311204E-06
    4.910000000000E+00   -9.370529100284E-05    2.694818368159E-04   -9.431186140323E-06
    4.920000000000E+00   -9.268154808166E-05    3.027647039670E-04   -9.389527425323E-06
    4.930000000000E+00   -9.153941853744E-05    3.356570498260E-04   -9.336334335198E-06
    4.940000000000E+00   -9.028037480798E-05    3.681168611816E-04   -9.271325042892E-06
    4.950000000000E+00   -8.890603865088E-05    4.001026851556E-04   -9.193258335645E-06
    4.960000000000E+00   -8.741817905222E-05    4.315736775296E-04   -9.104461510502E-06
    4.970000000000E+00   -8.581870995280E-05    4.624896563716E-04   -9.002901547888E-06
    4.980000000000E+00   -8.410968778668E-05    4.928111534068E-04   -8.890897834602E-06
    4.990000000000E+00   -8.229330882767E-05    5.224994698877E-04   -8.763380455839E-06
    5.000000000000E+00   -8.037190636421E-05    5.515167167786E-04   -8.627849078505E-06
    5.010000000000E+00   -7.834794772020E-05    5.798258605602E-04   -8.480689925363E-06
    5.020000000000E+00   -7.622403107947E-05    6.073907872589E-04   -8.320053226587E-06
    5.030000000000E+00   -7.400288214558E-05    6.341763304557E-04   -8.152455879394E-06
    5.040000000000E+00   -7.168735064665E-05    6.601483298645E-04   -7.968405810666E-06
    5.050000000000E+00   -6.928040667503E-05    6.852736651253E-04   -7.779913448606E-06
    5.060000000000E+00   -6.678513688384E-05    7.095203019748E-04   -7.575313315915E-06
    5.070000000000E+00   -6.420474052606E-05    7.328573341133E-04   -7.366068938565E-06
    5.080000000000E+00   -6.154252535642E-05    7.552550180187E-04   -7.143102763729E-06
    5.090000000000E+00   -5.880190338480E-05    7.766848211141E-04   -6.912164847151E-06
    5.100000000000E+00   -5.598638650352E-05    7.971194441607E-04   -6.672007916425E-06
    5.110000000000E+00   -5.309958199465E-05    8.165328658307E-04   -6.422925680988E-06
    5.120000000000E+00   -5.014518790605E-05    8.349003716001E-04   -6.166065854160E-06
    5.130000000000E+00   -4.712698830915E-05    8.521985909139E-04   -5.898554669499E-06
    5.140000000000E+00   -4.404884844848E-05    8.684055205431E-04   -5.625129586063E-06
    5.150000000000E+00   -4.091470980548E-05    8.835005491362E-04   -5.344859274275E-06
    5.160000000000E+00   -3.772858504575E-05    8.974644978219E-04   -5.054450688623E-06
    5.170000000000E+00   -3.449455287162E-05    9.102796325607E-04   -4.759711814268E-06
    5.180000000000E+00   -3.121675281448E-05    9.219296854027E-04   -4.458074658506E-06
    5.190000000000E+00   -2.789937993441E-05    9.323998851104E-04   -4.149785004882E-06
    5.200000000000E+00   -2.454667944228E-05    9.416769698495E-04   -3.835667280444E-06
    5.210000000000E+00   -2.116294127327E-05    9.497492016266E-04   -3.517301737094E-06
    5.220000000000E+00   -1.775249459952E-05    9.566063859262E-04   -3.192849307998E-06
    5.230000000000E+00   -1.431970228521E-05    9.622398842128E-04   -2.864110060725E-06
    5.240000000000E+00   -1.086895531022E-05    9.666426190160E-04   -2.532498887568E-06
    5.250000000000E+00   -7.404667155493E-06    9.698090902389E-04   -2.195676003690E-06
    5.260000000000E+00   -3.931268151783E-06    9.717353793227E-04   -1.856577557366E-06
    5.270000000000E+00   -4.531998172185E-07    9.724191513349E-04   -1.514414278882E-06
    5.280000000000E+00    3.025090821149E-06    9.718596618299E-04   -1.169870712515E-06
    5.290000000000E+00    6.499156915202E-06    9.700577552462E-04   -8.234999305210E-07
    5.300000000000E+00    9.964557479775E-06    9.670158643670E-04   -4.755976180916E-07
    5.310000000000E+00    1.341686307022E-05    9.627380072463E-04   -1.266082810559E-07
    5.320000000000E+00    1.685166144303E-05    9.572297808198E-04    2.225611602201E-07
    5.330000000000E+00    2.026456319646E-05    9.504983561150E-04    5.728789793920E-07
    5.340000000000E+00    2.365120737865E-05    9.425524648517E-04    9.211623474746E-07
    5.350000000000E+00    2.700726705945E-05    9.334023925857E-04    1.270879148364E-06
    5.360000000000E+00    3.032845486168E-05    9.230599628820E-04    1.617441131508E-06
    5.370000000000E+00    3.361052843507E-05    9.115385210776E-04    1.963781316309E-06
    5.380000000000E+00    3.684929587611E-05    8.988529203112E-04    2.307132028173E-06
    5.390000000000E+00    4.004062108240E-05    8.850194988562E-04    2.648462226685E-06
    5.400000000000E+00    4.318042903367E-05    8.700560618348E-04    2.986551560650E-06
    5.410000000000E+00    4.626471099709E-05    8.539818571428E-04    3.321727240221E-06
    5.420000000000E+00    4.928952964285E-05    8.368175493838E-04    3.652046029811E-06
    5.430000000000E+00    5.225102407394E-05    8.185851979988E-04    3.980469962411E-06
    5.440000000000E+00    5.514541475284E-05    7.993082214632E-04    4.300896857233E-06
    5.450000000000E+00    5.796900831732E-05    7.790113711515E-04    4.618506433515E-06
    5.460000000000E+00    6.071820230475E-05    7.577207063083E-04    4.930985375903E-06
    5.470000000000E+00    6.338948974685E-05    7.354635466488E-04    5.235727363157E-06
    5.480000000000E+00    6.597946363639E-05    7.122684482094E-04    5.536533578588E-06
    5.490000000000E+00    6.848482127565E-05    6.881651613771E-04    5.827830310348E-06
    5.500000000000E+00    7.090236848826E-05    6.631845965209E-04    6.115554717784E-06
    5.510000000000E+00    7.322902369691E-05    6.373587833346E-04    6.393580675879E-06
    5.520000000000E+00    7.546182183967E-05    6.107208213547E-04    6.663157068897E-06
    5.530000000000E+00    7.759791815347E-05    5.833048551134E-04    6.928007830079E-06
    5.540000000000E+00    7.963459180735E-05    5.551460150665E-04    7.180840280113E-06
    5.550000000000E+00    8.156924935459E-05    5.262803753991E-04    7.426976994687E-06
    5.560000000000E+00    8.339942804215E-05    4.967449164513E-04    7.663980106422E-06
    5.570000000000E+00    8.512279894736E-05    4.665774657524E-04    7.890711970749E-06
    5.580000000000E+00    8.673716993705E-05    4.358166577311E-04    8.109320604276E-06
    5.590000000000E+00    8.824048845744E-05    4.045018793723E-04    8.315971233548E-06
    5.600000000000E+00    8.963084414088E-05    3.726732222380E-04    8.514208909868E-06
    5.610000000000E+00    9.090647123759E-05    3.403714325761E-04    8.701028048667E-06
    5.620000000000E+00    9.206575085999E-05    3.076378564866E-04    8.878505444301E-06
    5.630000000000E+00    9.310721302991E-05    2.745143845503E-04    9.042292258389E-06
    5.640000000000E+00    9.402953854343E-05    2.410434052679E-04    9.198435756020E-06
    5.650000000000E+00    9.483156065126E-05    2.072677485266E-04    9.341334871366E-06
    5.660000000000E+00    9.551226652801E-05    1.732306240821E-04    9.473309614050E-06
    5.670000000000E+00    9.607079854363E-05    1.389755725679E-04    9.592306103346E-06
    5.680000000000E+00    9.650645535522E-05    1.045464140021E-04    9.703025268047E-06
    5.690000000000E+00    9.681869278878E-05    6.998718190814E-05    9.797947740528E-06
    5.700000000000E+00    9.700712449842E-05    3.534206478571E-05    9.880567534726E-06
    5.710000000000E+00    9.707152245890E-05    6.553714928229E-07    9.955637300447E-06
    5.720000000000E+00    9.701181726151E-05   -3.402854412499E-05    1.001621874132E-05
    5.730000000000E+00    9.682809814967E-05   -6.866535325286E-05    1.005965349763E-05
    5.740000000000E+00    9.652061289229E-05   -1.032107728694E-04    1.009911322398E-05
    5.750000000000E+00    9.608976748634E-05   -1.376206404112E-04    1.012187469105E-05
    5.760000000000E+00    9.553612559020E-05   -1.718509895793E-04    1.013031612557E-05
    5.770000000000E+00    9.486040777584E-05   -2.058580758554E-04    1.012889727625E-05
    5.780000000000E+00    9.406349061831E-05   -2.395984418592E-04    1.011474117809E-05
    5.790000000000E+00    9.314640555427E-05   -2.730289811392E-04    1.008771928518E-05
    5.800000000000E+00    9.211033754069E-05   -3.061069860760E-04    1.004899543979E-05
    5.810000000000E+00    9.095662352859E-05   -3.387902033470E-04    9.997966152752E-06
    5.820000000000E+00    8.968675072018E-05   -3.710368995528E-04    9.929309697161E-06
    5.830000000000E+00    8.830235466451E-05   -4.028058858495E-04    9.858484580733E-06
    5.840000000000E+00    8.680521717962E-05   -4.340565903101E-04    9.769150674078E-06
    5.850000000000E+00    8.519726402345E-05   -4.647491260021E-04    9.667698673487E-06
    5.860000000000E+00    8.348056241201E-05   -4.948443082437E-04    9.556644342496E-06
    5.870000000000E+00    8.165731838389E-05   -5.243037233291E-04    9.431950805448E-06
    5.880000000000E+00    7.972987396018E-05   -5.530897740635E-04    9.298118164408E-06
    5.890000000000E+00    7.770070413364E-05   -5.811657297464E-04    9.150019955199E-06
    5.900000000000E+00    7.557241368816E-05   -6.084957710194E-04    8.993315017752E-06
    5.910000000000E+00    7.334773385885E-05   -6.350450341071E-04    8.823721207227E-06
    5.920000000000E+00    7.102951882707E-05   -6.607796588370E-04    8.644941577876E-06
    5.930000000000E+00    6.862074206015E-05   -6.856668274482E-04    8.455168671411E-06
    5.940000000000E+00    6.612449248864E-05   -7.096748165923E-04    8.252455073631E-06
    5.950000000000E+00    6.354397055065E-05   -7.327730196111E-04    8.045177419559E-06
    5.960000000000E+00    6.088248409906E-05   -7.549320009453E-04    7.822805610205E-06
    5.970000000000E+00    5.814344414725E-05   -7.761235319442E-04    7.594691876934E-06
    5.980000000000E+00    5.533036050057E-05   -7.963206189590E-04    7.354732000280E-06
    5.990000000000E+00    5.244683726152E-05   -8.154975458476E-04    7.107759353043E-06
    6.000000000000E+00    4.949656821110E-05   -8.336299006478E-04    6.851087452217E-06
    6.010000000000E+00    4.648333207765E-05   -8.506946118211E-04    6.586681123960E-06
    6.020000000000E+00    4.341098769578E-05   -8.666699734713E-04    6.314189014052E-06
    6.030000000000E+00    4.028346906830E-05   -8.815356742842E-04    6.034851538281E-06
    6.040000000000E+00    3.710478032616E-05   -8.952728256535E-04    5.747049106069E-06
    6.050000000000E+00    3.387899059732E-05   -9.078639844325E-04    5.452738593585E-06
    6.060000000000E+00    3.061022880313E-05   -9.192931707195E-04    5.152759073306E-06
    6.070000000000E+00    2.730267837650E-05   -9.295458937525E-04    4.845942965566E-06
    6.080000000000E+00    2.396057190378E-05   -9.386091687303E-04    4.534011895851E-06
    6.090000000000E+00    2.058818571012E-05   -9.464715315003E-04    4.216795050149E-06
    6.100000000000E+00    1.718983438289E-05   -9.531230585639E-04    3.892948424600E-06
    6.110000000000E+00    1.376986525358E-05   -9.585553702310E-04    3.567554657557E-06
    6.120000000000E+00    1.033265284327E-05   -9.627616478550E-04    3.235544728717E-06
    6.130000000000E+00    6.882593260014E-06   -9.657366434695E-04    2.901407235630E-06
    6.140000000000E+00    3.424098577463E-06   -9.674766806446E-04    2.563264103595E-06
    6.150000000000E+00   -3.840880522354E-08   -9.679796640767E-04    2.222786964383E-06
    6.160000000000E+00   -3.500501820192E-06   -9.672450793587E-04    1.879639722463E-06
    6.170000000000E+00   -6.957754390595E-06   -9.652739948208E-04    1.534746630351E-06
    6.180000000000E+00   -1.040574708940E-05   -9.620690591901E-04    1.188229883980E-06
    6.190000000000E+00   -1.384007278796E-05   -9.576344982033E-04    8.409263569679E-07
    6.200000000000E+00   -1.725634229005E-05   -9.519761098962E-04    4.924826293849E-07
    6.210000000000E+00   -2.065018994054E-05   -9.451012550776E-04    1.448277298688E-07
    6.220000000000E+00   -2.401727920510E-05   -9.370188507389E-04   -2.040585242149E-07
    6.230000000000E+00   -2.735330821171E-05   -9.277393552393E-04   -5.504290985337E-07
    6.240000000000E+00   -3.065401524300E-05   -9.172747556521E-04   -8.967957143546E-07
    6.250000000000E+00   -3.391518418468E-05   -9.056385558783E-04   -1.241426121444E-06
    6.260000000000E+00   -3.713264991131E-05   -8.928457535050E-04   -1.583637118183E-06
    6.270000000000E+00   -4.030230360467E-05   -8.789128252708E-04   -1.924382894698E-06
    6.280000000000E+00   -4.342009799948E-05   -8.638577009945E-04   -2.260272254711E-06
    6.290000000000E+00   -4.648205254819E-05   -8.476997443890E-04   -2.594440917977E-06
    6.300000000000E+00   -4.948425851048E-05   -8.304597302099E-04   -2.924653664243E-06
    6.310000000000E+00   -5.242288394250E-05   -8.121598110030E-04   -3.250395548476E-06
    6.320000000000E+00   -5.529417857926E-05   -7.928234906681E-04   -3.570575500256E-06
    6.330000000000E+00   -5.809447862765E-05   -7.724756009500E-04   -3.888425939294E-06
    6.340000000000E+00   -6.082021144417E-05   -7.511422604576E-04   -4.197781348340E-06
